7 0.492188 0.228739 0.492188 0.214076 0.49707 0.192082 0.49707 0.184751 0.490234 0.174487 0.490234 0.167155 0.486328 0.155425 0.488281 0.151026 0.488281 0.14956 0.503906 0.167155 0.516602 0.187683 0.524414 0.208211 0.521484 0.21261 0.519531 0.211144 0.521484 0.244868 0.524414 0.282991 0.526367 0.316716 0.529297 0.388563 0.517578 0.394428 0.518555 0.40176 0.516602 0.404692 0.516602 0.412023 0.513672 0.420821 0.512695 0.432551 0.5 0.434018 0.508789 0.360704 0.508789 0.33871 0.503906 0.291789 0.495117 0.247801 0.492188 0.228739 0.482422 0.230205 0.483398 0.23607 0.475586 0.300587 0.475586 0.318182 0.475586 0.359238 0.479492 0.372434 0.480469 0.447214 0.46875 0.44868 0.453125 0.447214 0.445312 0.445748 0.430664 0.447214 0.421875 0.441349 0.424805 0.412023 0.422852 0.40176 0.425781 0.375367 0.425781 0.346041 0.432617 0.313783 0.433594 0.31085 0.420898 0.285924 0.399414 0.23607 0.400391 0.23607 0.404297 0.234604 0.412109 0.228739 0.412109 0.225806 0.40918 0.222874 0.410156 0.221408 0.416016 0.222874 0.418945 0.231672 0.426758 0.256598 0.424805 0.218475 0.428711 0.192082 0.428711 0.18915 0.4375 0.184751 0.442383 0.168622 0.450195 0.151026 0.455078 0.142229 0.455078 0.148094 0.458984 0.152493 0.457031 0.180352 0.467773 0.205279 0.478516 0.218475 0.482422 0.230205
9 0.454102 0.124633 0.456055 0.123167 0.462891 0.123167 0.469727 0.118768 0.476562 0.117302 0.478516 0.115836 0.484375 0.111437 0.491211 0.108504 0.492188 0.121701 0.489258 0.127566 0.486328 0.129032 0.481445 0.129032 0.478516 0.121701 0.476562 0.123167 0.476562 0.130499 0.474609 0.133431 0.46875 0.13783 0.46582 0.136364 0.462891 0.127566 0.454102 0.129032
1 0.459961 0.155425 0.461914 0.158358 0.464844 0.162757 0.473633 0.170088 0.480469 0.173021 0.484375 0.171554 0.485352 0.168622 0.485352 0.158358 0.486328 0.156891 0.490234 0.167155 0.490234 0.174487 0.49707 0.184751 0.49707 0.192082 0.49707 0.192082 0.492188 0.214076 0.492188 0.228739 0.495117 0.247801 0.503906 0.291789 0.504883 0.302053 0.492188 0.302053 0.477539 0.29912 0.475586 0.29912 0.483398 0.23607 0.482422 0.230205 0.481445 0.225806 0.478516 0.218475 0.467773 0.205279 0.457031 0.180352 0.458984 0.153959
6 0.490234 0.495601 0.482422 0.5 0.474609 0.491202 0.448242 0.491202 0.444336 0.485337 0.446289 0.479472 0.44043 0.466276 0.4375 0.447214 0.444336 0.445748 0.454102 0.447214 0.46875 0.44868 0.480469 0.447214 0.479492 0.372434 0.475586 0.359238 0.475586 0.318182 0.475586 0.300587 0.475586 0.29912 0.491211 0.302053 0.504883 0.302053 0.508789 0.33871 0.508789 0.360704 0.5 0.434018 0.495117 0.466276
12 0.475586 0.709677 0.475586 0.697947 0.472656 0.678886 0.473633 0.668622 0.472656 0.662757 0.470703 0.643695 0.47168 0.642229 0.477539 0.645161 0.484375 0.645161 0.490234 0.640762 0.491211 0.667155 0.491211 0.677419 0.49707 0.702346 0.498047 0.714076 0.496094 0.715543 0.482422 0.715543 0.477539 0.714076
12 0.461914 0.708211 0.461914 0.696481 0.458984 0.686217 0.458008 0.674487 0.457031 0.66129 0.460938 0.64956 0.459961 0.639296 0.458984 0.634897 0.458008 0.639296 0.447266 0.634897 0.444336 0.636364 0.442383 0.652493 0.439453 0.667155 0.439453 0.673021 0.438477 0.702346 0.44043 0.702346 0.442383 0.702346 0.442383 0.706745 0.445312 0.708211 0.454102 0.709677
13 0.383789 0.21261 0.375977 0.221408 0.369141 0.231672 0.361328 0.241935 0.359375 0.243402 0.357422 0.243402 0.355469 0.240469 0.359375 0.234604 0.366211 0.227273 0.37207 0.218475 0.373047 0.218475 0.37793 0.211144 0.375977 0.214076 0.375 0.214076 0.367188 0.222874 0.363281 0.228739 0.355469 0.237537 0.352539 0.239003 0.34668 0.23607 0.34668 0.237537 0.344727 0.240469 0.338867 0.255132 0.336914 0.262463 0.323242 0.294721 0.316406 0.312317 0.3125 0.337243 0.320312 0.344575 0.323242 0.346041 0.337891 0.360704 0.339844 0.360704 0.341797 0.357771 0.341797 0.356305 0.344727 0.35044 0.349609 0.343109 0.352539 0.337243 0.369141 0.29912 0.370117 0.294721 0.375977 0.281525 0.371094 0.269795 0.371094 0.256598 0.366211 0.250733 0.363281 0.249267 0.360352 0.244868 0.37207 0.228739 0.373047 0.228739 0.382812 0.215543
13 0.379883 0.239003 0.378906 0.246334 0.37793 0.247801 0.376953 0.262463 0.376953 0.282991 0.375 0.285924 0.374023 0.288856 0.375 0.291789 0.37207 0.321114 0.370117 0.331378 0.368164 0.35044 0.368164 0.359238 0.367188 0.360704 0.367188 0.368035 0.388672 0.368035 0.394531 0.366569 0.397461 0.363636 0.40332 0.354839 0.404297 0.351906 0.404297 0.344575 0.402344 0.344575 0.397461 0.346041 0.396484 0.347507 0.392578 0.346041 0.390625 0.328446 0.388672 0.296188 0.384766 0.253666 0.383789 0.249267 0.379883 0.239003 0.379883 0.234604 0.382812 0.233138 0.382812 0.219941 0.383789 0.217009 0.382812 0.219941 0.382812 0.22434 0.379883 0.234604
13 0.374023 0.290323 0.373047 0.293255 0.353516 0.337243 0.350586 0.343109 0.34668 0.348974 0.345703 0.351906 0.348633 0.353372 0.366211 0.363636 0.367188 0.359238 0.367188 0.35044 0.369141 0.331378 0.371094 0.321114 0.373047 0.302053 0.373047 0.293255 0.374023 0.290323 0.37793 0.246334 0.376953 0.247801 0.375977 0.262463 0.375977 0.277126 0.373047 0.272727 0.37207 0.269795 0.37207 0.256598 0.378906 0.237537 0.378906 0.237537 0.37207 0.256598 0.375 0.247801 0.376953 0.244868 0.37793 0.240469 0.37793 0.246334
13 0.385742 0.258065 0.385742 0.260997 0.386719 0.262463 0.387695 0.272727 0.388672 0.294721 0.392578 0.328446 0.392578 0.33871 0.393555 0.340176 0.393555 0.346041 0.396484 0.346041 0.397461 0.344575 0.40625 0.343109 0.415039 0.340176 0.416992 0.33871 0.426758 0.325513 0.427734 0.321114 0.424805 0.322581 0.420898 0.326979 0.414062 0.331378 0.412109 0.331378 0.40918 0.326979 0.401367 0.307918 0.395508 0.290323 0.392578 0.278592
13 0.543945 0.444282 0.544922 0.447214 0.545898 0.453079 0.547852 0.472141 0.551758 0.491202 0.552734 0.498534 0.553711 0.535191 0.552734 0.555718 0.540039 0.56305 0.538086 0.56305 0.538086 0.570381 0.543945 0.570381 0.551758 0.573314 0.567383 0.573314 0.580078 0.561584 0.580078 0.558651 0.577148 0.55132 0.5625 0.505865 0.563477 0.497067 0.560547 0.489736 0.551758 0.464809 0.546875 0.454545
13 0.526367 0.426686 0.526367 0.442815 0.525391 0.444282 0.524414 0.467742 0.516602 0.466276 0.514648 0.463343 0.514648 0.460411 0.521484 0.441349 0.521484 0.438416 0.524414 0.431085 0.522461 0.432551 0.517578 0.44868 0.513672 0.458944 0.511719 0.461877 0.505859 0.463343 0.508789 0.457478 0.515625 0.438416 0.517578 0.435484 0.517578 0.432551 0.515625 0.43695 0.514648 0.441349 0.507812 0.457478 0.505859 0.464809 0.500977 0.466276 0.5 0.464809 0.496094 0.464809 0.493164 0.479472 0.493164 0.485337 0.491211 0.495601 0.489258 0.497067 0.481445 0.529326 0.479492 0.548387 0.479492 0.565982 0.481445 0.577713 0.481445 0.590909 0.487305 0.595308 0.496094 0.599707 0.527344 0.607038 0.529297 0.593842 0.53125 0.570381 0.53125 0.558651 0.539062 0.47654 0.538086 0.470674 0.53418 0.470674 0.530273 0.469208 0.526367 0.466276
13 0.524414 0.466276 0.524414 0.447214 0.522461 0.447214 0.521484 0.44868 0.519531 0.44868 0.515625 0.460411 0.516602 0.464809 0.524414 0.466276 0.527344 0.466276 0.529297 0.466276 0.530273 0.467742 0.538086 0.469208 0.540039 0.472141 0.540039 0.47654 0.537109 0.51173 0.53418 0.535191 0.532227 0.558651 0.532227 0.56305 0.537109 0.56305 0.542969 0.560117 0.547852 0.555718 0.550781 0.554252 0.552734 0.554252 0.552734 0.535191 0.551758 0.498534 0.550781 0.491202 0.546875 0.472141 0.544922 0.453079 0.543945 0.447214 0.542969 0.445748 0.542969 0.442815 0.540039 0.442815 0.539062 0.444282 0.536133 0.444282 0.533203 0.439883 0.530273 0.438416 0.52832 0.431085 0.52832 0.439883 0.527344 0.444282 0.527344 0.466276
13 0.383789 0.205279 0.383789 0.208211 0.384766 0.218475 0.382812 0.234604 0.379883 0.23607 0.385742 0.252199 0.385742 0.256598 0.402344 0.307918 0.410156 0.326979 0.412109 0.329912 0.414062 0.329912 0.422852 0.324047 0.427734 0.319648 0.431641 0.313783 0.432617 0.309384 0.429688 0.303519 0.425781 0.297654 0.415039 0.27566 0.392578 0.222874 0.391602 0.219941 0.391602 0.208211 0.388672 0.206745 0.386719 0.203812
13 0.529297 0.426686 0.529297 0.426686 0.530273 0.429619 0.53125 0.432551 0.532227 0.434018 0.532227 0.43695 0.536133 0.442815 0.539062 0.442815 0.540039 0.441349 0.542969 0.441349 0.545898 0.445748 0.550781 0.458944 0.556641 0.478006 0.564453 0.497067 0.567383 0.505865 0.578125 0.498534 0.581055 0.495601 0.59375 0.479472 0.594727 0.473607 0.567383 0.444282 0.558594 0.434018 0.553711 0.426686 0.551758 0.420821 0.548828 0.422287 0.541992 0.428152 0.538086 0.428152 0.532227 0.423754 0.537109 0.431085 0.538086 0.434018 0.537109 0.438416 0.533203 0.43695 0.533203 0.435484 0.53125 0.432551 0.530273 0.429619
