1 0.554278 0.875 0.64751 0.875 0.698595 0.864258 0.727969 0.850586 0.730524 0.839844 0.729246 0.777344 0.717752 0.739258 0.703704 0.709961 0.699872 0.691406 0.688378 0.685547 0.670498 0.672852 0.653895 0.670898 0.601533 0.688477 0.591315 0.686523 0.592593 0.678711 0.630907 0.65918 0.642401 0.65625 0.630907 0.655273 0.596424 0.668945 0.577267 0.682617 0.565773 0.677734 0.551724 0.666016 0.55811 0.655273 0.600255 0.626953 0.614304 0.625 0.605364 0.624023 0.586207 0.629883 0.565773 0.638672 0.55811 0.636719 0.55811 0.630859 0.565773 0.623047 0.590038 0.607422 0.610473 0.604492 0.639847 0.614258 0.632184 0.585938 0.641124 0.539062 0.657727 0.494141 0.661558 0.459961 0.641124 0.454102 0.621967 0.439453 0.652618 0.415039 0.648787 0.382812 0.624521 0.384766 0.619413 0.375 0.624521 0.356445 0.614304 0.352539 0.606641 0.353516 0.610473 0.359375 0.59387 0.368164 0.591315 0.375 0.581098 0.371094 0.561941 0.390625 0.533844 0.404297 0.496807 0.412109 0.464879 0.414062 0.426564 0.407227 0.401022 0.398438 0.381865 0.378906 0.37037 0.348633 0.367816 0.311523 0.371648 0.290039 0.355045 0.291992 0.342273 0.290039 0.338442 0.299805 0.329502 0.351562 0.316731 0.393555 0.301405 0.428711 0.298851 0.438477 0.301405 0.445312 0.297573 0.472656 0.301405 0.5 0.307791 0.523438 0.32567 0.56543 0.330779 0.594727 0.340996 0.625977 0.349936 0.623047 0.363985 0.623047 0.394636 0.635742 0.398467 0.643555 0.392082 0.652344 0.363985 0.643555 0.353768 0.642578 0.351213 0.645508 0.358876 0.646484 0.412516 0.670898 0.40613 0.6875 0.389527 0.694336 0.363985 0.686523 0.337165 0.678711 0.333333 0.678711 0.329502 0.683594 0.348659 0.693359 0.367816 0.697266 0.374202 0.701172 0.371648 0.709961 0.357599 0.709961 0.340996 0.706055 0.319285 0.697266 0.314176 0.695312 0.300128 0.709961 0.283525 0.731445 0.280971 0.759766 0.273308 0.829102 0.274585 0.837891 0.266922 0.851562 0.274585 0.854492 0.277139 0.859375 0.311622 0.870117 0.353768 0.879883 0.429119 0.879883 0.452107 0.879883 0.519796 0.882812
11 0.559387 0.350586 0.563218 0.350586 0.565773 0.350586 0.565773 0.356445 0.560664 0.354492 0.556833 0.355469
11 0.569604 0.352539 0.574713 0.350586 0.579821 0.352539 0.579821 0.357422 0.57599 0.355469 0.569604 0.358398
11 0.578544 0.328125 0.583653 0.327148 0.588761 0.330078 0.588761 0.324219 0.582375 0.322266 0.579821 0.324219
11 0.592593 0.318359 0.592593 0.3125 0.596424 0.313477 0.596424 0.317383
11 0.590038 0.336914 0.59387 0.337891 0.592593 0.333984 0.588761 0.333008
11 0.600255 0.339844 0.606641 0.34668 0.605364 0.350586 0.600255 0.347656 0.592593 0.344727 0.596424 0.339844
11 0.61175 0.303711 0.615581 0.301758 0.62069 0.305664 0.62069 0.308594 0.616858 0.306641 0.610473 0.30957
11 0.63857 0.355469 0.63857 0.350586 0.641124 0.345703 0.641124 0.352539 0.64751 0.353516 0.643678 0.356445
11 0.644955 0.360352 0.652618 0.359375 0.655172 0.361328 0.659004 0.364258 0.655172 0.367188 0.648787 0.364258 0.642401 0.364258
11 0.716475 0.379883 0.721584 0.376953 0.725415 0.381836 0.717752 0.384766
11 0.681992 0.397461 0.689655 0.398438 0.688378 0.40625 0.683269 0.40332 0.680715 0.405273
11 0.65645 0.40625 0.657727 0.40918 0.662835 0.410156 0.66539 0.408203 0.666667 0.40918 0.664112 0.415039 0.661558 0.416016 0.655172 0.415039 0.653895 0.410156 0.655172 0.407227
11 0.690932 0.416016 0.693487 0.413086 0.693487 0.419922 0.690932 0.419922
11 0.671775 0.423828 0.673052 0.416992 0.675607 0.419922 0.676884 0.423828
11 0.65645 0.44043 0.659004 0.435547 0.662835 0.433594 0.669221 0.436523 0.66539 0.441406
11 0.666667 0.450195 0.669221 0.444336 0.675607 0.448242 0.670498 0.454102
11 0.689655 0.433594 0.696041 0.428711 0.701149 0.431641 0.703704 0.431641 0.703704 0.4375 0.698595 0.438477
