1 0.424597 0.334961 0.430454 0.326172 0.443631 0.317383 0.455344 0.30957 0.456808 0.299805 0.456808 0.290039 0.464129 0.271484 0.475842 0.265625 0.487555 0.263672 0.502196 0.260742 0.513909 0.263672 0.522694 0.272461 0.524158 0.287109 0.527086 0.304688 0.530015 0.302734 0.527086 0.288086 0.528551 0.269531 0.513909 0.260742 0.505124 0.256836 0.505124 0.25 0.499268 0.248047 0.50366 0.241211 0.502196 0.228516 0.506589 0.212891 0.528551 0.217773 0.547584 0.21875 0.572474 0.220703 0.591508 0.21875 0.600293 0.219727 0.601757 0.231445 0.5959 0.236328 0.592972 0.24707 0.594436 0.250977 0.604685 0.255859 0.612006 0.258789 0.625183 0.268555 0.639824 0.272461 0.651537 0.275391 0.657394 0.280273 0.657394 0.287109 0.650073 0.292969 0.645681 0.299805 0.648609 0.304688 0.661786 0.3125 0.677892 0.323242 0.689605 0.326172 0.696925 0.330078 0.701318 0.334961 0.708638 0.341797 0.711567 0.337891 0.699854 0.326172 0.685212 0.317383 0.689605 0.314453 0.704246 0.325195 0.724744 0.341797 0.72328 0.339844 0.693997 0.311523 0.692533 0.299805 0.701318 0.286133 0.696925 0.271484 0.683748 0.259766 0.677892 0.255859 0.683748 0.240234 0.68082 0.225586 0.672035 0.21875 0.666179 0.217773 0.666179 0.214844 0.683748 0.216797 0.698389 0.21875 0.713031 0.226562 0.721816 0.233398 0.724744 0.25293 0.726208 0.276367 0.729136 0.308594 0.729136 0.326172 0.732064 0.34082 0.737921 0.347656 0.729136 0.349609 0.721816 0.351562 0.721816 0.345703 0.702782 0.347656 0.688141 0.349609 0.670571 0.352539 0.670571 0.378906 0.670571 0.413086 0.674963 0.432617 0.677892 0.439453 0.673499 0.448242 0.674963 0.459961 0.677892 0.470703 0.677892 0.476562 0.673499 0.478516 0.661786 0.472656 0.647145 0.470703 0.616398 0.467773 0.590044 0.463867 0.565154 0.458008 0.547584 0.455078 0.509517 0.453125 0.465593 0.451172 0.43631 0.449219 0.408492 0.446289 0.409956 0.439453 0.420205 0.423828 0.430454 0.40332 0.445095 0.380859 0.455344 0.364258 0.458272 0.357422 0.458272 0.351562 0.45388 0.344727 0.43631 0.345703 0.424597 0.344727 0.424597 0.334961 0.417277 0.333008 0.409956 0.342773 0.4041 0.339844 0.408492 0.335938 0.409956 0.327148 0.409956 0.323242 0.408492 0.31543 0.418741 0.310547 0.405564 0.296875 0.4041 0.293945 0.418741 0.333984 0.420205 0.333984 0.421669 0.338867 0.421669 0.34375 0.412884 0.34375 0.412884 0.341797 0.415813 0.338867 0.418741 0.336914 0.418741 0.333984 0.4041 0.293945 0.402635 0.28418 0.399707 0.274414 0.399707 0.262695 0.399707 0.250977 0.4041 0.241211 0.408492 0.234375 0.412884 0.230469 0.418741 0.226562 0.427526 0.222656 0.42899 0.230469 0.42899 0.237305 0.433382 0.244141 0.43631 0.248047 0.430454 0.255859 0.423133 0.260742 0.420205 0.265625 0.418741 0.270508 0.420205 0.27832 0.423133 0.291992 0.427526 0.298828 0.424597 0.302734 0.415813 0.308594 0.407028 0.311523 0.405564 0.296875 0.418741 0.310547 0.430454 0.301758 0.434846 0.308594 0.427526 0.319336 0.417277 0.333008
11 0.620791 0.147461 0.625183 0.144531 0.628111 0.150391 0.622255 0.150391
11 0.610542 0.119141 0.614934 0.116211 0.617862 0.12207 0.612006 0.12207
11 0.515373 0.0791016 0.519766 0.0761719 0.522694 0.0820312 0.516837 0.0820312
11 0.609078 0.166016 0.61347 0.163086 0.616398 0.168945 0.610542 0.168945
11 0.500732 0.0712891 0.505124 0.0683594 0.508053 0.0742188 0.502196 0.0742188
11 0.481698 0.160156 0.486091 0.157227 0.489019 0.163086 0.483163 0.163086
11 0.480234 0.131836 0.484627 0.128906 0.487555 0.134766 0.481698 0.134766
11 0.474378 0.213867 0.47877 0.210938 0.481698 0.216797 0.475842 0.216797
11 0.477306 0.230469 0.481698 0.227539 0.484627 0.233398 0.47877 0.233398
11 0.450952 0.197266 0.455344 0.194336 0.458272 0.200195 0.452416 0.200195
11 0.459736 0.235352 0.464129 0.232422 0.467057 0.238281 0.461201 0.238281
6 0.475842 0.895508 0.437775 0.892578 0.426061 0.839844 0.402635 0.711914 0.396779 0.666016 0.390922 0.591797 0.389458 0.541992 0.38653 0.504883 0.390922 0.482422 0.399707 0.460938 0.41142 0.448242 0.43631 0.449219 0.465593 0.451172 0.509517 0.453125 0.547584 0.455078 0.565154 0.458008 0.590044 0.463867 0.616398 0.467773 0.647145 0.470703 0.661786 0.472656 0.673499 0.478516 0.674963 0.501953 0.674963 0.518555 0.673499 0.522461 0.676428 0.538086 0.661786 0.547852 0.66325 0.555664 0.666179 0.574219 0.66325 0.595703 0.657394 0.607422 0.65593 0.617188 0.654466 0.637695 0.653001 0.645508 0.651537 0.65918 0.65593 0.674805 0.653001 0.678711 0.658858 0.686523 0.664714 0.697266 0.666179 0.709961 0.66325 0.71875 0.660322 0.739258 0.657394 0.746094 0.657394 0.756836 0.653001 0.765625 0.641288 0.769531 0.626647 0.768555 0.616398 0.768555 0.61347 0.776367 0.594436 0.779297 0.590044 0.786133 0.575403 0.790039 0.56369 0.791992 0.560761 0.799805 0.554905 0.802734 0.532943 0.808594 0.50366 0.811523 0.512445 0.833984 0.518302 0.844727 0.522694 0.861328 0.522694 0.875977 0.505124 0.875 0.487555 0.874023 0.486091 0.879883 0.483163 0.889648
12 0.576867 0.855469 0.579795 0.859375 0.591508 0.864258 0.604685 0.865234 0.620791 0.863281 0.633968 0.852539 0.63836 0.836914 0.636896 0.813477 0.642753 0.811523 0.644217 0.802734 0.642753 0.793945 0.642753 0.789062 0.647145 0.795898 0.647145 0.802734 0.645681 0.819336 0.641288 0.839844 0.636896 0.854492 0.635432 0.863281 0.63104 0.873047 0.619327 0.880859 0.604685 0.891602 0.591508 0.896484 0.584187 0.895508 0.584187 0.883789 0.573939 0.875 0.569546 0.855469 0.579795 0.835938 0.58858 0.817383 0.5959 0.804688 0.598829 0.795898 0.601757 0.794922 0.5959 0.808594 0.591508 0.820312 0.587116 0.832031 0.578331 0.848633
12 0.584187 0.951172 0.565154 0.952148 0.543192 0.950195 0.530015 0.946289 0.522694 0.941406 0.524158 0.919922 0.524158 0.894531 0.524158 0.884766 0.527086 0.878906 0.531479 0.881836 0.528551 0.891602 0.527086 0.90625 0.528551 0.917969 0.532943 0.927734 0.549048 0.928711 0.565154 0.926758 0.582723 0.924805 0.584187 0.911133 0.581259 0.900391 0.584187 0.895508 0.585652 0.902344 0.58858 0.918945 0.591508 0.928711 0.591508 0.936523 0.594436 0.942383 0.590044 0.947266
