4 0.715198 0.799805 0.716475 0.844727 0.710089 0.873047 0.697318 0.911133 0.673052 0.999023 0.541507 0.999023 0.541507 0.990234 0.538953 0.974609 0.533844 0.951172 0.528736 0.930664 0.523627 0.918945 0.517241 0.898438 0.519796 0.884766 0.517241 0.875 0.501916 0.875977 0.49553 0.875 0.412516 0.999023 0.261814 0.999023 0.270754 0.935547 0.272031 0.914062 0.270754 0.904297 0.273308 0.900391 0.274585 0.895508 0.273308 0.883789 0.277139 0.878906 0.280971 0.865234 0.283525 0.854492 0.284802 0.84375 0.291188 0.834961 0.295019 0.825195 0.298851 0.806641 0.312899 0.813477 0.32567 0.810547 0.33461 0.802734 0.337165 0.799805 0.339719 0.789062 0.357599 0.791992 0.369093 0.794922 0.374202 0.794922 0.380587 0.791016 0.380587 0.78418 0.374202 0.779297 0.365262 0.775391 0.367816 0.771484 0.384419 0.768555 0.408685 0.762695 0.418902 0.756836 0.426564 0.748047 0.429119 0.75 0.43295 0.753906 0.440613 0.759766 0.464879 0.775391 0.482759 0.777344 0.503193 0.779297 0.514687 0.78125 0.541507 0.783203 0.546616 0.788086 0.551724 0.789062 0.55811 0.787109 0.581098 0.790039 0.58493 0.790039 0.590038 0.795898 0.60281 0.802734 0.618135 0.805664 0.643678 0.802734 0.660281 0.794922 0.670498 0.790039 0.699872 0.782227 0.712644 0.78418 0.715198 0.787109
11 0.384419 0.291992 0.393359 0.291016 0.39719 0.291992 0.404853 0.298828 0.404853 0.305664 0.408685 0.306641 0.40613 0.308594 0.402299 0.310547 0.401022 0.317383 0.390805 0.310547 0.386973 0.304688 0.380587 0.294922
11 0.404853 0.287109 0.411239 0.285156 0.41507 0.291016 0.40613 0.291992 0.40613 0.291016
11 0.445722 0.299805 0.45083 0.295898 0.455939 0.299805 0.448276 0.303711
11 0.464879 0.31543 0.46871 0.31543 0.469987 0.316406 0.464879 0.318359 0.462324 0.318359
11 0.519796 0.331055 0.524904 0.332031 0.526181 0.334961 0.527458 0.332031 0.527458 0.327148 0.521073 0.328125
11 0.535121 0.341797 0.541507 0.34082 0.542784 0.341797 0.541507 0.344727 0.536398 0.345703
11 0.551724 0.337891 0.55811 0.339844 0.561941 0.336914 0.556833 0.333008 0.550447 0.334961
11 0.561941 0.354492 0.568327 0.357422 0.569604 0.353516 0.563218 0.352539
11 0.577267 0.347656 0.58493 0.347656 0.58493 0.353516 0.579821 0.353516 0.572158 0.350586 0.573436 0.350586 0.577267 0.350586
11 0.590038 0.34082 0.595147 0.339844 0.595147 0.345703 0.591315 0.345703
11 0.621967 0.34375 0.632184 0.345703 0.62963 0.350586 0.624521 0.350586 0.621967 0.348633
11 0.632184 0.392578 0.634738 0.387695 0.641124 0.390625 0.641124 0.393555 0.641124 0.395508
11 0.657727 0.40625 0.664112 0.410156 0.667944 0.404297 0.664112 0.40332 0.662835 0.40332 0.659004 0.40332
11 0.648787 0.396484 0.651341 0.394531 0.659004 0.396484 0.659004 0.400391 0.655172 0.398438
11 0.579821 0.384766 0.590038 0.387695 0.58493 0.399414 0.57599 0.398438 0.574713 0.393555
11 0.38825 0.239258 0.392082 0.238281 0.394636 0.241211 0.392082 0.245117
11 0.666667 0.373047 0.669221 0.369141 0.673052 0.375 0.667944 0.379883
1 0.678161 0.732422 0.659004 0.732422 0.630907 0.736328 0.618135 0.741211 0.605364 0.746094 0.58493 0.756836 0.564496 0.765625 0.546616 0.770508 0.542784 0.77832 0.541507 0.783203 0.514687 0.78125 0.503193 0.779297 0.482759 0.777344 0.464879 0.775391 0.440613 0.759766 0.43295 0.753906 0.429119 0.75 0.426564 0.748047 0.418902 0.756836 0.408685 0.762695 0.384419 0.768555 0.367816 0.771484 0.365262 0.775391 0.346105 0.768555 0.335888 0.768555 0.323116 0.762695 0.287356 0.75293 0.291188 0.74707 0.291188 0.744141 0.296296 0.734375 0.295019 0.719727 0.295019 0.614258 0.291188 0.605469 0.287356 0.538086 0.286079 0.518555 0.277139 0.492188 0.280971 0.457031 0.287356 0.419922 0.287356 0.407227 0.300128 0.385742 0.314176 0.364258 0.320562 0.326172 0.319285 0.303711 0.321839 0.294922 0.33461 0.289062 0.344828 0.287109 0.356322 0.28418 0.365262 0.280273 0.357599 0.291992 0.35249 0.313477 0.358876 0.344727 0.366539 0.358398 0.37931 0.37207 0.403576 0.382812 0.453384 0.387695 0.481481 0.385742 0.517241 0.378906 0.538953 0.366211 0.563218 0.376953 0.554278 0.385742 0.57599 0.392578 0.572158 0.401367 0.551724 0.414062 0.559387 0.422852 0.56705 0.419922 0.579821 0.426758 0.590038 0.424805 0.587484 0.413086 0.58493 0.401367 0.592593 0.395508 0.60281 0.400391 0.610473 0.398438 0.614304 0.40918 0.616858 0.417969 0.623244 0.421875 0.634738 0.451172 0.634738 0.46582 0.633461 0.485352 0.627075 0.515625 0.616858 0.535156 0.616858 0.5625 0.62069 0.569336 0.616858 0.580078 0.623244 0.587891 0.624521 0.597656 0.63857 0.611328 0.643678 0.618164 0.652618 0.624023 0.660281 0.637695 0.661558 0.654297 0.676884 0.666992 0.685824 0.725586 0.678161 0.732422 0.721584 0.770508 0.721584 0.773438 0.721584 0.779297 0.712644 0.78418 0.699872 0.782227 0.590038 0.776367 0.587484 0.78125 0.58493 0.785156 0.58493 0.790039 0.581098 0.790039 0.55811 0.787109 0.590038 0.776367 0.699872 0.782227 0.707535 0.77832 0.721584 0.770508
