1 0.373057 0.375 0.389896 0.376953 0.408031 0.382812 0.414508 0.37207 0.444301 0.376953 0.453368 0.386719 0.46114 0.381836 0.471503 0.363281 0.471503 0.339844 0.471503 0.326172 0.470207 0.318359 0.470207 0.307617 0.481865 0.313477 0.512953 0.324219 0.553109 0.330078 0.59456 0.327148 0.595855 0.341797 0.598446 0.364258 0.617876 0.357422 0.639896 0.361328 0.612694 0.400391 0.632124 0.40918 0.659326 0.414062 0.660622 0.405273 0.650259 0.388672 0.65285 0.366211 0.682642 0.367188 0.694301 0.404297 0.703368 0.40332 0.694301 0.37207 0.703368 0.354492 0.717617 0.354492 0.717617 0.347656 0.696891 0.331055 0.698187 0.318359 0.725389 0.330078 0.734456 0.345703 0.743523 0.350586 0.756477 0.401367 0.766839 0.412109 0.742228 0.451172 0.713731 0.46875 0.686528 0.478516 0.682642 0.499023 0.665803 0.533203 0.65544 0.553711 0.654145 0.576172 0.664508 0.589844 0.677461 0.615234 0.69171 0.629883 0.690415 0.651367 0.67487 0.660156 0.667098 0.668945 0.588083 0.704102 0.524611 0.719727 0.484456 0.72168 0.418394 0.710938 0.378238 0.711914 0.338083 0.699219 0.313472 0.669922 0.300518 0.645508 0.322539 0.573242 0.336788 0.489258 0.336788 0.450195 0.319948 0.444336 0.291451 0.419922 0.265544 0.392578 0.238342 0.360352 0.266839 0.344727 0.292746 0.316406 0.310881 0.300781 0.32513 0.341797 0.353627 0.369141 0.373057 0.375 0.376943 0.366211 0.376943 0.357422 0.361399 0.344727 0.36658 0.339844 0.354922 0.329102 0.365285 0.316406 0.365285 0.286133 0.32772 0.293945 0.330311 0.321289 0.345855 0.34668 0.369171 0.363281 0.376943 0.366211
4 0.272021 0.996094 0.266839 0.874023 0.294041 0.749023 0.296632 0.739258 0.297927 0.722656 0.301813 0.720703 0.301813 0.703125 0.30829 0.691406 0.316062 0.666992 0.338083 0.701172 0.378238 0.711914 0.418394 0.711914 0.485751 0.722656 0.522021 0.720703 0.590674 0.702148 0.668394 0.669922 0.67487 0.65918 0.690415 0.666992 0.687824 0.688477 0.689119 0.712891 0.696891 0.735352 0.699482 0.740234 0.713731 0.807617 0.707254 0.912109 0.693005 0.999023 0.566062 0.999023 0.554404 0.952148 0.514249 0.849609 0.488342 0.845703 0.458549 0.894531 0.414508 0.975586 0.408031 0.999023 0.26943 0.999023
11 0.458549 0.272461 0.468912 0.270508 0.470207 0.277344 0.46114 0.27832
11 0.437824 0.326172 0.448187 0.325195 0.449482 0.332031 0.440415 0.333008
11 0.379534 0.336914 0.389896 0.334961 0.391192 0.341797 0.38342 0.342773
11 0.351036 0.361328 0.361399 0.360352 0.361399 0.366211 0.353627 0.368164
11 0.398964 0.355469 0.409326 0.353516 0.410622 0.360352 0.401554 0.361328
11 0.409326 0.351562 0.419689 0.350586 0.420984 0.356445 0.411917 0.358398
11 0.433938 0.361328 0.427461 0.365234 0.427461 0.368164 0.435233 0.367188 0.435233 0.364258
11 0.598446 0.345703 0.608808 0.344727 0.608808 0.350586 0.601036 0.352539
11 0.608808 0.332031 0.619171 0.331055 0.620466 0.336914 0.611399 0.338867
11 0.620466 0.335938 0.630829 0.334961 0.632124 0.34082 0.623057 0.342773
11 0.63342 0.339844 0.643782 0.337891 0.643782 0.344727 0.63601 0.345703
11 0.634715 0.366211 0.645078 0.365234 0.646373 0.37207 0.637306 0.373047
11 0.656736 0.333008 0.667098 0.332031 0.668394 0.337891 0.659326 0.339844
11 0.678756 0.336914 0.689119 0.334961 0.690415 0.341797 0.682642 0.342773
11 0.689119 0.353516 0.699482 0.352539 0.699482 0.358398 0.69171 0.360352
11 0.698187 0.34082 0.708549 0.339844 0.709845 0.345703 0.700777 0.347656
11 0.689119 0.393555 0.699482 0.391602 0.700777 0.398438 0.693005 0.399414
11 0.42487 0.34668 0.42487 0.348633 0.426166 0.351562 0.427461 0.355469 0.431347 0.361328 0.436528 0.361328 0.437824 0.367188 0.440415 0.367188 0.443005 0.369141 0.445596 0.370117 0.449482 0.370117 0.449482 0.368164 0.450777 0.367188 0.452073 0.361328 0.450777 0.357422 0.448187 0.355469 0.448187 0.353516 0.443005 0.34668 0.437824 0.342773 0.433938 0.344727 0.430052 0.344727
