4 0.292465 0.727539 0.302682 0.724609 0.311622 0.720703 0.337165 0.731445 0.369093 0.741211 0.408685 0.750977 0.439336 0.753906 0.48659 0.75 0.533844 0.743164 0.57599 0.734375 0.605364 0.744141 0.653895 0.754883 0.666667 0.754883 0.67433 0.789062 0.676884 0.807617 0.676884 0.839844 0.676884 0.863281 0.679438 0.896484 0.675607 0.924805 0.666667 0.927734 0.652618 0.928711 0.644955 0.932617 0.643678 0.941406 0.669221 0.948242 0.669221 0.953125 0.662835 0.958008 0.662835 0.963867 0.666667 0.964844 0.655172 0.999023 0.509579 0.999023 0.505747 0.991211 0.49553 0.960938 0.487867 0.9375 0.481481 0.902344 0.46871 0.896484 0.464879 0.893555 0.457216 0.894531 0.452107 0.902344 0.45083 0.917969 0.439336 0.941406 0.420179 0.976562 0.416347 0.989258 0.411239 0.999023 0.261814 0.999023 0.252874 0.918945 0.256705 0.924805 0.260536 0.932617 0.270754 0.941406 0.274585 0.945312 0.300128 0.956055 0.316731 0.960938 0.321839 0.957031 0.333333 0.960938 0.33461 0.954102 0.329502 0.945312 0.321839 0.943359 0.312899 0.935547 0.310345 0.916016 0.311622 0.898438 0.314176 0.891602 0.318008 0.890625 0.321839 0.905273 0.32567 0.921875 0.330779 0.930664 0.338442 0.935547 0.346105 0.9375 0.348659 0.932617 0.346105 0.90332 0.34355 0.888672 0.346105 0.876953 0.340996 0.864258 0.32567 0.836914 0.307791 0.820312 0.301405 0.798828 0.295019 0.765625
11 0.381865 0.301758 0.390805 0.299805 0.394636 0.305664 0.381865 0.307617
11 0.360153 0.339844 0.37037 0.34375 0.37037 0.347656 0.36143 0.345703
11 0.378033 0.351562 0.369093 0.350586 0.367816 0.355469 0.372925 0.357422 0.37931 0.361328 0.383142 0.366211 0.393359 0.357422 0.394636 0.355469 0.381865 0.357422 0.378033 0.355469 0.378033 0.355469 0.37931 0.353516
11 0.416347 0.364258 0.425287 0.361328 0.426564 0.365234 0.416347 0.369141
11 0.307791 0.392578 0.315453 0.393555 0.324393 0.389648 0.333333 0.387695 0.339719 0.389648 0.342273 0.391602 0.339719 0.398438 0.337165 0.396484 0.33461 0.393555 0.32567 0.394531 0.316731 0.401367 0.311622 0.398438 0.302682 0.395508 0.303959 0.391602
11 0.291188 0.356445 0.284802 0.355469 0.288633 0.347656 0.293742 0.348633 0.297573 0.347656 0.302682 0.352539 0.298851 0.359375
11 0.292465 0.369141 0.295019 0.37207 0.300128 0.370117 0.306513 0.369141 0.315453 0.367188 0.318008 0.367188 0.315453 0.373047 0.311622 0.373047 0.307791 0.371094 0.300128 0.375 0.295019 0.381836 0.291188 0.375977 0.286079 0.374023 0.280971 0.375 0.275862 0.375977 0.280971 0.363281 0.284802 0.368164
11 0.320562 0.374023 0.329502 0.375 0.326948 0.379883 0.324393 0.382812 0.320562 0.378906 0.315453 0.378906 0.315453 0.374023
11 0.619413 0.316406 0.625798 0.316406 0.628352 0.323242 0.618135 0.323242
11 0.604087 0.365234 0.610473 0.365234 0.614304 0.365234 0.619413 0.363281 0.627075 0.361328 0.630907 0.364258 0.630907 0.369141 0.62069 0.369141 0.616858 0.37207 0.61175 0.37207 0.610473 0.370117 0.604087 0.371094 0.601533 0.367188
11 0.519796 0.34668 0.523627 0.347656 0.526181 0.350586 0.527458 0.350586 0.530013 0.34375 0.526181 0.342773 0.519796 0.342773 0.519796 0.345703
11 0.538953 0.347656 0.544061 0.350586 0.542784 0.355469 0.537676 0.353516 0.533844 0.354492 0.533844 0.349609 0.536398 0.347656
1 0.519796 0.345703 0.507024 0.356445 0.514687 0.364258 0.535121 0.375977 0.55811 0.382812 0.555556 0.40332 0.54023 0.424805 0.551724 0.430664 0.560664 0.422852 0.57599 0.432617 0.590038 0.424805 0.568327 0.402344 0.578544 0.368164 0.583653 0.395508 0.579821 0.413086 0.595147 0.427734 0.600255 0.423828 0.591315 0.389648 0.621967 0.385742 0.628352 0.376953 0.63857 0.321289 0.669221 0.329102 0.708812 0.347656 0.722861 0.378906 0.738186 0.443359 0.745849 0.464844 0.715198 0.472656 0.716475 0.464844 0.694764 0.473633 0.671775 0.486328 0.641124 0.494141 0.636015 0.5625 0.632184 0.584961 0.624521 0.595703 0.642401 0.637695 0.652618 0.65625 0.646232 0.674805 0.642401 0.680664 0.642401 0.688477 0.651341 0.689453 0.662835 0.704102 0.664112 0.727539 0.669221 0.754883 0.666667 0.754883 0.653895 0.754883 0.605364 0.744141 0.57599 0.734375 0.533844 0.743164 0.48659 0.75 0.440613 0.753906 0.408685 0.750977 0.369093 0.741211 0.337165 0.731445 0.311622 0.720703 0.302682 0.724609 0.292465 0.727539 0.291188 0.696289 0.295019 0.636719 0.301405 0.610352 0.287356 0.595703 0.277139 0.514648 0.275862 0.494141 0.278416 0.475586 0.237548 0.460938 0.214559 0.451172 0.213282 0.458984 0.183908 0.439453 0.204342 0.413086 0.208174 0.395508 0.229885 0.347656 0.251596 0.326172 0.263091 0.320312 0.291188 0.30957 0.301405 0.306641 0.288633 0.347656 0.272031 0.384766 0.303959 0.391602 0.302682 0.395508 0.296296 0.40625 0.305236 0.411133 0.319285 0.408203 0.338442 0.40332 0.34355 0.382812 0.358876 0.378906 0.355045 0.398438 0.367816 0.400391 0.375479 0.393555 0.381865 0.375 0.399745 0.350586 0.40613 0.34082 0.407407 0.358398 0.416347 0.369141 0.418902 0.382812 0.430396 0.376953 0.43295 0.369141 0.425287 0.361328 0.418902 0.338867 0.418902 0.318359 0.416347 0.295898 0.446999 0.303711 0.475096 0.303711 0.51341 0.299805 0.528736 0.297852 0.523627 0.313477 0.509579 0.336914 0.492976 0.353516 0.489144 0.364258 0.478927 0.368164 0.484036 0.374023 0.496807 0.37207 0.501916 0.356445 0.51341 0.34375 0.527458 0.328125 0.519796 0.345703 0.530013 0.34375 0.526181 0.353516 0.527458 0.358398 0.533844 0.354492 0.542784 0.355469 0.544061 0.350586 0.546616 0.353516 0.546616 0.364258 0.542784 0.368164 0.541507 0.359375 0.542784 0.355469 0.533844 0.354492 0.533844 0.34375 0.54023 0.331055 0.54023 0.320312 0.530013 0.34375
11 0.550447 0.358398 0.555556 0.358398 0.55811 0.360352 0.556833 0.364258 0.551724 0.364258 0.546616 0.364258 0.546616 0.360352
11 0.49553 0.356445 0.499361 0.359375 0.500639 0.361328 0.499361 0.365234 0.496807 0.365234 0.49553 0.361328 0.489144 0.364258 0.491699 0.356445
11 0.592593 0.349609 0.59387 0.350586 0.592593 0.355469 0.591315 0.355469
11 0.587484 0.40918 0.596424 0.40918 0.598978 0.414062 0.596424 0.416016 0.587484 0.416992
11 0.569604 0.374023 0.57599 0.376953 0.568327 0.402344 0.555556 0.40332 0.55811 0.382812 0.554278 0.381836 0.554278 0.376953 0.561941 0.374023
