4 0.335888 0.742188 0.39719 0.769531 0.45977 0.792969 0.524904 0.798828 0.559387 0.802734 0.561941 0.823242 0.559387 0.834961 0.560664 0.835938 0.565773 0.835938 0.56705 0.842773 0.569604 0.847656 0.57599 0.852539 0.582375 0.852539 0.587484 0.850586 0.592593 0.842773 0.597701 0.845703 0.604087 0.845703 0.61175 0.841797 0.616858 0.84375 0.62069 0.842773 0.627075 0.839844 0.632184 0.844727 0.642401 0.848633 0.630907 0.893555 0.613027 0.943359 0.600255 0.973633 0.596424 0.988281 0.596424 0.999023 0.484036 0.999023 0.484036 0.991211 0.487867 0.985352 0.487867 0.954102 0.487867 0.929688 0.482759 0.913086 0.472542 0.87207 0.471264 0.859375 0.472542 0.832031 0.462324 0.829102 0.446999 0.850586 0.438059 0.869141 0.422733 0.901367 0.407407 0.935547 0.398467 0.962891 0.390805 0.999023 0.263091 0.999023 0.261814 0.938477 0.265645 0.856445 0.264368 0.853516 0.264368 0.849609 0.266922 0.847656 0.266922 0.819336 0.272031 0.81543 0.266922 0.811523 0.266922 0.807617 0.272031 0.800781 0.273308 0.777344 0.278416 0.772461 0.275862 0.768555 0.275862 0.762695 0.279693 0.748047 0.297573 0.758789 0.311622 0.759766 0.321839 0.755859 0.332056 0.75
1 0.38825 0.293945 0.381865 0.295898 0.381865 0.307617 0.38825 0.326172 0.399745 0.339844 0.416347 0.350586 0.436782 0.355469 0.492976 0.362305 0.527458 0.364258 0.554278 0.355469 0.579821 0.34082 0.613027 0.306641 0.628352 0.291016 0.63857 0.289062 0.655172 0.289062 0.676884 0.295898 0.684547 0.299805 0.696041 0.307617 0.707535 0.322266 0.719029 0.358398 0.717752 0.412109 0.726692 0.53418 0.720307 0.568359 0.717752 0.579102 0.710089 0.605469 0.684547 0.654297 0.692209 0.675781 0.692209 0.689453 0.684547 0.708984 0.669221 0.728516 0.657727 0.736328 0.659004 0.744141 0.652618 0.760742 0.655172 0.769531 0.655172 0.783203 0.650064 0.792969 0.641124 0.799805 0.643678 0.791992 0.62963 0.791992 0.610473 0.791016 0.58493 0.783203 0.57599 0.77832 0.568327 0.766602 0.565773 0.774414 0.559387 0.789062 0.559387 0.802734 0.524904 0.798828 0.45977 0.792969 0.39719 0.768555 0.335888 0.742188 0.332056 0.736328 0.366539 0.748047 0.37037 0.74707 0.376756 0.743164 0.375479 0.737305 0.365262 0.729492 0.335888 0.719727 0.301405 0.704102 0.291188 0.702148 0.289911 0.699219 0.283525 0.696289 0.292465 0.691406 0.283525 0.681641 0.279693 0.676758 0.278416 0.666992 0.283525 0.65332 0.295019 0.637695 0.302682 0.629883 0.302682 0.62207 0.312899 0.602539 0.319285 0.568359 0.321839 0.527344 0.311622 0.548828 0.318008 0.560547 0.314176 0.571289 0.297573 0.59375 0.300128 0.602539 0.296296 0.62207 0.270754 0.652344 0.270754 0.65918 0.278416 0.666992 0.279693 0.676758 0.273308 0.68457 0.266922 0.688477 0.263091 0.69043 0.263091 0.692383 0.273308 0.691406 0.282248 0.696289 0.289911 0.699219 0.291188 0.703125 0.280971 0.716797 0.242656 0.741211 0.214559 0.725586 0.210728 0.719727 0.208174 0.711914 0.199234 0.704102 0.196679 0.699219 0.191571 0.696289 0.194125 0.666992 0.197957 0.637695 0.196679 0.616211 0.208174 0.566406 0.208174 0.553711 0.210728 0.541992 0.217114 0.529297 0.222222 0.512695 0.223499 0.49707 0.234994 0.461914 0.249042 0.419922 0.264368 0.369141 0.287356 0.322266 0.292465 0.314453 0.300128 0.30957 0.311622 0.302734 0.339719 0.294922 0.363985 0.291992 0.372925 0.292969 0.385696 0.291992
11 0.416347 0.0791016 0.412516 0.0712891 0.416347 0.0644531 0.426564 0.0566406 0.427842 0.046875 0.440613 0.0390625 0.457216 0.0322266 0.481481 0.0283203 0.499361 0.0322266 0.517241 0.0400391 0.528736 0.0498047 0.535121 0.0615234 0.509579 0.0585938 0.481481 0.0634766 0.455939 0.0703125 0.443167 0.0761719
11 0.37931 0.138672 0.383142 0.140625 0.384419 0.143555 0.381865 0.146484 0.376756 0.143555 0.375479 0.140625
11 0.386973 0.191406 0.392082 0.191406 0.392082 0.194336 0.392082 0.196289 0.385696 0.196289 0.384419 0.193359
11 0.390805 0.213867 0.395913 0.214844 0.395913 0.21582 0.392082 0.217773 0.38825 0.219727 0.38825 0.217773 0.38825 0.214844
11 0.403576 0.24707 0.407407 0.244141 0.409962 0.244141 0.409962 0.24707 0.40613 0.248047 0.403576 0.249023
11 0.426564 0.273438 0.43295 0.273438 0.43295 0.27832 0.426564 0.276367
11 0.392082 0.258789 0.39719 0.259766 0.395913 0.262695 0.392082 0.262695 0.390805 0.261719
11 0.37931 0.255859 0.386973 0.254883 0.385696 0.260742 0.37931 0.259766
