11 0.590038 0.361328 0.590038 0.356445 0.582375 0.355469 0.581098 0.359375
11 0.579821 0.348633 0.57599 0.353516 0.565773 0.351562 0.569604 0.34668
11 0.55811 0.34668 0.551724 0.353516 0.560664 0.355469 0.563218 0.350586
11 0.579821 0.37207 0.570881 0.375 0.570881 0.369141
11 0.600255 0.362305 0.610473 0.361328 0.607918 0.358398 0.597701 0.358398
11 0.615581 0.355469 0.616858 0.361328 0.627075 0.361328 0.624521 0.355469
11 0.650064 0.359375 0.651341 0.365234 0.641124 0.368164 0.641124 0.359375
11 0.652618 0.353516 0.657727 0.358398 0.66539 0.355469 0.661558 0.351562
11 0.683269 0.390625 0.687101 0.395508 0.693487 0.392578 0.690932 0.387695
11 0.62963 0.358398 0.62963 0.364258 0.63857 0.364258 0.63857 0.360352
11 0.39719 0.335938 0.401022 0.342773 0.408685 0.339844 0.404853 0.333984
11 0.416347 0.268555 0.420179 0.274414 0.429119 0.270508 0.425287 0.265625
11 0.421456 0.27832 0.418902 0.28418 0.416347 0.282227 0.417625 0.27832
8 0.420179 0.28418 0.421456 0.288086 0.434227 0.291016 0.439336 0.28418 0.43295 0.274414 0.425287 0.265625 0.426564 0.263672 0.440613 0.270508 0.44189 0.285156 0.453384 0.299805 0.478927 0.307617 0.509579 0.316406 0.537676 0.303711 0.564496 0.293945 0.568327 0.302734 0.568327 0.316406 0.561941 0.334961 0.555556 0.347656 0.553001 0.353516 0.541507 0.364258 0.547893 0.37207 0.560664 0.367188 0.569604 0.370117 0.572158 0.375977 0.561941 0.382812 0.570881 0.387695 0.581098 0.381836 0.582375 0.373047 0.592593 0.369141 0.592593 0.375 0.60281 0.376953 0.590038 0.385742 0.601533 0.393555 0.619413 0.391602 0.641124 0.401367 0.659004 0.399414 0.657727 0.412109 0.683269 0.398438 0.678161 0.384766 0.669221 0.37793 0.666667 0.369141 0.673052 0.366211 0.681992 0.387695 0.684547 0.393555 0.693487 0.40332 0.698595 0.396484 0.689655 0.387695 0.680715 0.375 0.669221 0.347656 0.662835 0.326172 0.660281 0.319336 0.673052 0.322266 0.697318 0.332031 0.708812 0.334961 0.722861 0.357422 0.739464 0.413086 0.749681 0.464844 0.761175 0.540039 0.765006 0.563477 0.757344 0.588867 0.752235 0.597656 0.747126 0.601562 0.750958 0.611328 0.752235 0.62207 0.762452 0.626953 0.759898 0.649414 0.763729 0.669922 0.770115 0.681641 0.768838 0.689453 0.777778 0.700195 0.773946 0.708008 0.767561 0.714844 0.770115 0.756836 0.765006 0.77832 0.749681 0.794922 0.717752 0.814453 0.711367 0.813477 0.720307 0.805664 0.713921 0.783203 0.706258 0.771484 0.693487 0.762695 0.683269 0.762695 0.693487 0.755859 0.703704 0.748047 0.701149 0.738281 0.696041 0.723633 0.687101 0.713867 0.690932 0.704102 0.683269 0.696289 0.687101 0.712891 0.690932 0.719727 0.690932 0.720703 0.701149 0.750977 0.693487 0.755859 0.683269 0.762695 0.673052 0.768555 0.662835 0.776367 0.642401 0.78418 0.624521 0.791992 0.616858 0.798828 0.616858 0.807617 0.62963 0.810547 0.651341 0.799805 0.676884 0.791016 0.689655 0.791992 0.707535 0.8125 0.711367 0.814453 0.707535 0.820312 0.703704 0.84082 0.701149 0.880859 0.699872 0.897461 0.690932 0.910156 0.669221 0.922852 0.655172 0.927734 0.630907 0.93457 0.563218 0.932617 0.500639 0.930664 0.464879 0.929688 0.395913 0.922852 0.321839 0.912109 0.274585 0.912109 0.270754 0.910156 0.273308 0.898438 0.277139 0.863281 0.277139 0.84082 0.278416 0.829102 0.332056 0.821289 0.346105 0.826172 0.367816 0.818359 0.381865 0.804688 0.420179 0.818359 0.440613 0.828125 0.455939 0.824219 0.45083 0.814453 0.425287 0.798828 0.401022 0.78418 0.372925 0.772461 0.363985 0.767578 0.340996 0.759766 0.328225 0.742188 0.319285 0.697266 0.333333 0.674805 0.330779 0.654297 0.319285 0.649414 0.32567 0.646484 0.329502 0.635742 0.321839 0.631836 0.323116 0.620117 0.323116 0.608398 0.329502 0.602539 0.330779 0.589844 0.32567 0.577148 0.329502 0.55957 0.32567 0.543945 0.329502 0.53418 0.332056 0.53418 0.332056 0.549805 0.335888 0.563477 0.335888 0.580078 0.332056 0.592773 0.329502 0.601562 0.329502 0.609375 0.335888 0.619141 0.333333 0.632812 0.329502 0.635742 0.32567 0.646484 0.326948 0.652344 0.330779 0.654297 0.333333 0.674805 0.319285 0.697266 0.328225 0.743164 0.340996 0.759766 0.363985 0.767578 0.37037 0.770508 0.360153 0.770508 0.351213 0.77832 0.333333 0.796875 0.319285 0.8125 0.332056 0.821289 0.278416 0.829102 0.288633 0.81543 0.288633 0.802734 0.293742 0.794922 0.277139 0.77832 0.270754 0.751953 0.259259 0.722656 0.255428 0.714844 0.246488 0.706055 0.245211 0.698242 0.249042 0.691406 0.242656 0.6875 0.243934 0.674805 0.234994 0.666992 0.238825 0.657227 0.228608 0.645508 0.228608 0.640625 0.236271 0.637695 0.228608 0.625 0.233716 0.616211 0.234994 0.610352 0.229885 0.603516 0.228608 0.586914 0.228608 0.574219 0.236271 0.563477 0.224777 0.542969 0.214559 0.521484 0.214559 0.496094 0.224777 0.460938 0.236271 0.426758 0.246488 0.397461 0.263091 0.358398 0.278416 0.331055 0.288633 0.322266 0.319285 0.310547 0.35249 0.305664 0.363985 0.302734 0.363985 0.295898 0.381865 0.283203 0.384419 0.313477 0.394636 0.334961 0.399745 0.336914 0.398467 0.34082 0.402299 0.34375 0.402299 0.356445 0.421456 0.349609 0.407407 0.338867 0.404853 0.332031 0.403576 0.324219 0.398467 0.314453 0.394636 0.301758 0.392082 0.287109 0.389527 0.268555 0.420179 0.28418 0.418902 0.27832 0.420179 0.273438 0.417625 0.264648 0.392082 0.262695 0.404853 0.272461 0.418902 0.27832
4 0.500639 0.930664 0.503193 0.963867 0.505747 0.977539 0.503193 0.986328 0.501916 0.999023 0.560664 0.999023 0.634738 0.999023 0.636015 0.999023 0.651341 0.96875 0.666667 0.932617 0.669221 0.922852 0.655172 0.927734 0.630907 0.93457 0.563218 0.932617 0.500639 0.930664 0.464879 0.929688 0.454662 0.949219 0.444444 0.972656 0.43295 0.99707 0.43295 0.999023 0.342273 0.999023 0.265645 0.999023 0.269476 0.957031 0.272031 0.924805 0.274585 0.912109 0.321839 0.912109 0.39719 0.922852 0.464879 0.929688
