6 0.609078 0.509766 0.626647 0.483398 0.647145 0.453125 0.657394 0.4375 0.661786 0.433594 0.658858 0.408203 0.677892 0.404297 0.718887 0.402344 0.764275 0.401367 0.79795 0.401367 0.821376 0.40625 0.831625 0.408203 0.833089 0.422852 0.850659 0.44043 0.8653 0.456055 0.879941 0.47168 0.896047 0.491211 0.904832 0.503906 0.910688 0.523438 0.912152 0.532227 0.919473 0.541992 0.923865 0.558594 0.934114 0.578125 0.945827 0.601562 0.954612 0.620117 0.954612 0.636719 0.944363 0.640625 0.923865 0.644531 0.896047 0.641602 0.878477 0.638672 0.866764 0.643555 0.844802 0.649414 0.819912 0.651367 0.786237 0.65332 0.759883 0.65625 0.739385 0.662109 0.704246 0.660156 0.673499 0.662109 0.658858 0.663086 0.625183 0.663086 0.604685 0.65625 0.584187 0.65625 0.568082 0.65332 0.566618 0.647461 0.573939 0.615234 0.579795 0.584961 0.58858 0.557617 0.600293 0.526367
12 0.768668 0.933594 0.770132 0.916016 0.768668 0.905273 0.759883 0.905273 0.752562 0.902344 0.752562 0.887695 0.754026 0.878906 0.749634 0.898438 0.745242 0.90625 0.74817 0.919922 0.752562 0.933594 0.75549 0.935547 0.767204 0.935547
12 0.774524 0.958008 0.77306 0.945312 0.767204 0.935547 0.768668 0.933594 0.770132 0.916016 0.768668 0.904297 0.767204 0.894531 0.768668 0.887695 0.774524 0.875977 0.777452 0.874023 0.777452 0.880859 0.771596 0.889648 0.775988 0.896484 0.774524 0.915039 0.771596 0.923828 0.787701 0.924805 0.806735 0.924805 0.818448 0.923828 0.819912 0.916016 0.819912 0.905273 0.818448 0.895508 0.821376 0.897461 0.824305 0.910156 0.825769 0.931641 0.825769 0.956055 0.811127 0.958984 0.789165 0.958984
11 0.688141 0.200195 0.686676 0.195312 0.683748 0.196289 0.683748 0.200195
11 0.676428 0.246094 0.679356 0.245117 0.68082 0.241211 0.676428 0.241211 0.674963 0.245117
11 0.66325 0.269531 0.667643 0.267578 0.666179 0.265625 0.66325 0.265625
11 0.685212 0.289062 0.686676 0.285156 0.683748 0.282227 0.682284 0.286133
11 0.786237 0.181641 0.79063 0.179688 0.789165 0.176758 0.783309 0.177734 0.783309 0.180664
11 0.795022 0.164062 0.795022 0.162109 0.792094 0.15918 0.79063 0.161133 0.79063 0.163086
11 0.805271 0.219727 0.809663 0.216797 0.806735 0.213867 0.802343 0.21582 0.802343 0.216797
11 0.84041 0.271484 0.843338 0.270508 0.841874 0.265625 0.838946 0.267578 0.838946 0.269531
11 0.833089 0.291992 0.837482 0.291992 0.837482 0.289062 0.833089 0.288086 0.831625 0.289062
1 0.774524 0.285156 0.771596 0.273438 0.780381 0.262695 0.789165 0.254883 0.784773 0.246094 0.768668 0.256836 0.756955 0.261719 0.742313 0.257812 0.727672 0.251953 0.710102 0.242188 0.70571 0.254883 0.702782 0.268555 0.704246 0.275391 0.702782 0.285156 0.701318 0.294922 0.692533 0.300781 0.682284 0.304688 0.674963 0.314453 0.661786 0.322266 0.647145 0.330078 0.653001 0.320312 0.650073 0.311523 0.641288 0.314453 0.632504 0.320312 0.629575 0.333008 0.629575 0.318359 0.645681 0.308594 0.623719 0.306641 0.601757 0.303711 0.594436 0.339844 0.594436 0.375 0.58858 0.387695 0.587116 0.415039 0.590044 0.453125 0.594436 0.475586 0.597365 0.490234 0.603221 0.488281 0.609078 0.484375 0.626647 0.483398 0.635432 0.469727 0.636896 0.438477 0.636896 0.422852 0.642753 0.417969 0.63836 0.40625 0.642753 0.386719 0.647145 0.380859 0.65593 0.40332 0.658858 0.408203 0.677892 0.404297 0.718887 0.402344 0.764275 0.401367 0.79795 0.401367 0.821376 0.40625 0.831625 0.408203 0.833089 0.422852 0.850659 0.44043 0.8653 0.456055 0.879941 0.47168 0.888726 0.467773 0.900439 0.476562 0.903367 0.470703 0.897511 0.463867 0.893119 0.44043 0.885798 0.424805 0.879941 0.413086 0.875549 0.391602 0.872621 0.384766 0.871157 0.347656 0.874085 0.317383 0.868228 0.316406 0.862372 0.326172 0.868228 0.337891 0.868228 0.34668 0.850659 0.352539 0.856515 0.347656 0.850659 0.335938 0.844802 0.345703 0.844802 0.332031 0.841874 0.318359 0.831625 0.307617 0.806735 0.302734 0.784773 0.295898 0.774524 0.285156 0.781845 0.283203 0.793558 0.293945 0.802343 0.297852 0.79795 0.285156 0.79795 0.271484 0.792094 0.259766 0.784773 0.267578 0.781845 0.276367 0.781845 0.283203
