1 0.512445 0.37793 0.502196 0.374023 0.484627 0.376953 0.446559 0.382812 0.414348 0.382812 0.387994 0.381836 0.380673 0.379883 0.36164 0.378906 0.348463 0.367188 0.351391 0.345703 0.346999 0.34375 0.335286 0.337891 0.339678 0.327148 0.342606 0.321289 0.338214 0.298828 0.341142 0.268555 0.34407 0.248047 0.351391 0.230469 0.367496 0.22168 0.370425 0.213867 0.398243 0.209961 0.415813 0.206055 0.430454 0.201172 0.437775 0.200195 0.431918 0.213867 0.433382 0.219727 0.459736 0.219727 0.465593 0.22168 0.491947 0.219727 0.50366 0.21582 0.516837 0.208984 0.52123 0.203125 0.516837 0.198242 0.532943 0.202148 0.573939 0.212891 0.584187 0.21582 0.581259 0.220703 0.5959 0.224609 0.625183 0.237305 0.636896 0.245117 0.641288 0.253906 0.661786 0.256836 0.68082 0.262695 0.688141 0.272461 0.693997 0.283203 0.708638 0.298828 0.702782 0.302734 0.672035 0.316406 0.648609 0.326172 0.635432 0.314453 0.620791 0.311523 0.587116 0.308594 0.584187 0.317383 0.582723 0.332031 0.579795 0.350586 0.575403 0.367188 0.568082 0.37793 0.560761 0.380859 0.54612 0.380859 0.530015 0.380859
11 0.543192 0.09375 0.534407 0.0917969 0.532943 0.0878906 0.538799 0.0859375 0.547584 0.0869141 0.547584 0.0908203
11 0.544656 0.102539 0.538799 0.100586 0.537335 0.0986328 0.541728 0.0957031 0.547584 0.0976562 0.547584 0.0996094
11 0.550512 0.110352 0.549048 0.106445 0.550512 0.104492 0.556369 0.103516 0.557833 0.109375 0.556369 0.111328
11 0.464129 0.0751953 0.456808 0.0742188 0.456808 0.0703125 0.462665 0.0693359 0.465593 0.0732422
11 0.448023 0.0800781 0.442167 0.0791016 0.442167 0.0751953 0.445095 0.0742188 0.450952 0.0742188 0.452416 0.0791016
11 0.431918 0.0898438 0.426061 0.0898438 0.421669 0.0859375 0.424597 0.0839844 0.430454 0.0839844 0.434846 0.0869141
5 0.633968 0.530273 0.600293 0.542969 0.553441 0.549805 0.502196 0.551758 0.484627 0.546875 0.483163 0.538086 0.47877 0.540039 0.469985 0.546875 0.434846 0.551758 0.399707 0.551758 0.373353 0.548828 0.366032 0.543945 0.36896 0.521484 0.367496 0.494141 0.366032 0.470703 0.371889 0.436523 0.374817 0.413086 0.383602 0.397461 0.380673 0.382812 0.380673 0.379883 0.387994 0.381836 0.414348 0.381836 0.446559 0.382812 0.486091 0.376953 0.502196 0.374023 0.512445 0.37793 0.530015 0.380859 0.54612 0.380859 0.559297 0.380859 0.566618 0.390625 0.550512 0.385742 0.532943 0.385742 0.516837 0.387695 0.516837 0.392578 0.531479 0.393555 0.550512 0.395508 0.557833 0.399414 0.544656 0.398438 0.530015 0.399414 0.515373 0.40332 0.505124 0.405273 0.508053 0.411133 0.515373 0.411133 0.534407 0.40625 0.551977 0.408203 0.532943 0.411133 0.518302 0.415039 0.512445 0.416992 0.516837 0.421875 0.52123 0.422852 0.537335 0.418945 0.560761 0.417969 0.566618 0.421875 0.556369 0.421875 0.532943 0.427734 0.530015 0.431641 0.534407 0.435547 0.540264 0.433594 0.556369 0.430664 0.572474 0.428711 0.587116 0.431641 0.598829 0.433594 0.609078 0.463867 0.617862 0.495117 0.622255 0.504883
12 0.502196 0.87793 0.522694 0.876953 0.540264 0.875 0.562225 0.869141 0.569546 0.864258 0.572474 0.857422 0.57101 0.84375 0.573939 0.832031 0.575403 0.828125 0.578331 0.848633 0.587116 0.847656 0.584187 0.827148 0.584187 0.818359 0.591508 0.808594 0.5959 0.797852 0.584187 0.782227 0.581259 0.775391 0.584187 0.769531 0.592972 0.774414 0.601757 0.773438 0.601757 0.769531 0.587116 0.765625 0.58858 0.755859 0.569546 0.761719 0.557833 0.765625 0.544656 0.763672 0.543192 0.759766 0.543192 0.750977 0.540264 0.750977 0.534407 0.766602 0.534407 0.774414 0.527086 0.787109 0.516837 0.823242 0.515373 0.842773 0.505124 0.853516 0.494876 0.861328 0.494876 0.865234 0.502196 0.866211 0.500732 0.861328 0.508053 0.858398 0.513909 0.856445 0.522694 0.857422 0.524158 0.867188 0.524158 0.870117 0.510981 0.869141 0.502196 0.866211 0.494876 0.865234 0.493411 0.871094
12 0.316252 0.858398 0.338214 0.858398 0.36164 0.854492 0.373353 0.851562 0.376281 0.844727 0.377745 0.834961 0.382138 0.827148 0.389458 0.819336 0.395315 0.8125 0.402635 0.80957 0.402635 0.810547 0.402635 0.834961 0.407028 0.834961 0.409956 0.833984 0.412884 0.8125 0.415813 0.801758 0.423133 0.795898 0.424597 0.791016 0.423133 0.779297 0.418741 0.774414 0.415813 0.771484 0.412884 0.762695 0.417277 0.765625 0.424597 0.765625 0.42899 0.762695 0.427526 0.758789 0.420205 0.756836 0.412884 0.755859 0.408492 0.755859 0.407028 0.754883 0.407028 0.75293 0.414348 0.754883 0.414348 0.753906 0.409956 0.75293 0.409956 0.750977 0.414348 0.750977 0.415813 0.75 0.409956 0.748047 0.408492 0.743164 0.402635 0.746094 0.390922 0.74707 0.383602 0.74707 0.379209 0.748047 0.370425 0.75293 0.367496 0.754883 0.363104 0.753906 0.363104 0.75 0.363104 0.741211 0.360176 0.741211 0.355783 0.750977 0.357247 0.75293 0.355783 0.759766 0.352855 0.770508 0.349927 0.78125 0.348463 0.790039 0.346999 0.798828 0.34407 0.805664 0.342606 0.813477 0.341142 0.819336 0.330893 0.829102 0.31918 0.836914 0.311859 0.844727 0.313324 0.844727 0.316252 0.844727 0.323572 0.839844 0.327965 0.837891 0.332357 0.839844 0.329429 0.842773 0.330893 0.851562 0.329429 0.853516 0.322108 0.850586 0.316252 0.844727 0.311859 0.844727 0.308931 0.84668 0.307467 0.849609 0.308931 0.855469
13 0.329429 0.512695 0.320644 0.511719 0.307467 0.514648 0.301611 0.519531 0.295754 0.526367 0.292826 0.530273 0.292826 0.548828 0.295754 0.56543 0.308931 0.571289 0.330893 0.557617 0.341142 0.544922 0.346999 0.568359 0.348463 0.586914 0.355783 0.594727 0.358712 0.592773 0.360176 0.580078 0.355783 0.560547 0.346999 0.52832 0.342606 0.527344 0.341142 0.523438 0.341142 0.517578 0.338214 0.514648
