1 0.455344 0.266602 0.513909 0.266602 0.560761 0.266602 0.587116 0.269531 0.572474 0.311523 0.54612 0.341797 0.509517 0.339844 0.481698 0.34082 0.461201 0.294922
8 0.38653 0.210938 0.434846 0.207031 0.445095 0.202148 0.443631 0.206055 0.445095 0.21875 0.461201 0.294922 0.483163 0.341797 0.500732 0.375977 0.508053 0.382812 0.513909 0.381836 0.519766 0.37793 0.527086 0.368164 0.54612 0.341797 0.572474 0.311523 0.587116 0.269531 0.598829 0.210938 0.609078 0.21582 0.654466 0.222656 0.658858 0.227539 0.660322 0.246094 0.653001 0.263672 0.647145 0.285156 0.633968 0.306641 0.625183 0.316406 0.626647 0.339844 0.619327 0.356445 0.606149 0.365234 0.622255 0.386719 0.648609 0.423828 0.651537 0.448242 0.657394 0.458984 0.653001 0.469727 0.651537 0.477539 0.647145 0.501953 0.644217 0.511719 0.645681 0.517578 0.693997 0.560547 0.745242 0.602539 0.698389 0.623047 0.68082 0.625 0.65593 0.631836 0.648609 0.636719 0.650073 0.644531 0.620791 0.651367 0.61347 0.646484 0.603221 0.648438 0.606149 0.655273 0.594436 0.657227 0.576867 0.651367 0.582723 0.635742 0.513909 0.630859 0.494876 0.626953 0.491947 0.658203 0.462665 0.648438 0.461201 0.644531 0.445095 0.643555 0.440703 0.639648 0.440703 0.623047 0.414348 0.632812 0.396779 0.630859 0.396779 0.636719 0.367496 0.630859 0.36164 0.626953 0.33675 0.62207 0.382138 0.549805 0.402635 0.522461 0.399707 0.473633 0.4041 0.423828 0.417277 0.386719 0.421669 0.373047 0.414348 0.359375 0.414348 0.349609 0.399707 0.307617 0.389458 0.270508 0.389458 0.25 0.382138 0.232422 0.382138 0.220703
12 0.544656 0.839844 0.538799 0.870117 0.543192 0.871094 0.551977 0.871094 0.591508 0.869141 0.591508 0.853516 0.591508 0.834961 0.582723 0.814453 0.578331 0.801758 0.594436 0.823242 0.5959 0.833008 0.592972 0.854492 0.598829 0.865234 0.598829 0.882812 0.590044 0.893555 0.568082 0.896484 0.540264 0.894531 0.531479 0.87793 0.532943 0.865234 0.540264 0.839844
12 0.467057 0.902344 0.462665 0.910156 0.483163 0.90918 0.516837 0.912109 0.524158 0.90625 0.524158 0.890625 0.52123 0.885742 0.518302 0.871094 0.525622 0.863281 0.528551 0.874023 0.527086 0.910156 0.527086 0.927734 0.516837 0.932617 0.464129 0.933594 0.458272 0.928711 0.458272 0.916016 0.459736 0.910156
11 0.45388 0.130859 0.448023 0.131836 0.449488 0.137695 0.456808 0.137695 0.456808 0.133789
11 0.49634 0.0761719 0.490483 0.0771484 0.489019 0.0810547 0.491947 0.0830078 0.499268 0.0800781
11 0.568082 0.0810547 0.566618 0.0839844 0.569546 0.0869141 0.569546 0.0878906 0.573939 0.0859375 0.569546 0.0820312
11 0.449488 0.103516 0.446559 0.102539 0.443631 0.106445 0.443631 0.108398 0.449488 0.109375 0.45388 0.106445
11 0.449488 0.119141 0.446559 0.125 0.455344 0.124023 0.452416 0.120117
11 0.455344 0.110352 0.461201 0.110352 0.459736 0.116211
11 0.587116 0.178711 0.584187 0.179688 0.584187 0.186523 0.590044 0.186523 0.594436 0.182617 0.590044 0.178711
