1 0.481698 0.28125 0.47877 0.263672 0.49634 0.250977 0.518302 0.236328 0.524158 0.246094 0.512445 0.254883 0.509517 0.264648 0.532943 0.306641 0.547584 0.322266 0.559297 0.322266 0.57101 0.308594 0.5959 0.276367 0.607613 0.262695 0.622255 0.274414 0.639824 0.280273 0.641288 0.291992 0.644217 0.304688 0.676428 0.329102 0.68082 0.337891 0.688141 0.333008 0.689605 0.324219 0.676428 0.310547 0.670571 0.297852 0.673499 0.28418 0.65593 0.257812 0.66325 0.25 0.693997 0.263672 0.721816 0.283203 0.726208 0.298828 0.726208 0.374023 0.7306 0.401367 0.742313 0.414062 0.733529 0.428711 0.715959 0.432617 0.714495 0.411133 0.698389 0.414062 0.685212 0.413086 0.677892 0.420898 0.667643 0.427734 0.667643 0.438477 0.673499 0.47168 0.669107 0.486328 0.660322 0.495117 0.650073 0.505859 0.647145 0.515625 0.576867 0.508789 0.512445 0.507812 0.456808 0.504883 0.448023 0.49707 0.433382 0.506836 0.426061 0.511719 0.412884 0.506836 0.430454 0.487305 0.442167 0.458008 0.446559 0.439453 0.43631 0.430664 0.421669 0.417969 0.426061 0.386719 0.433382 0.365234 0.446559 0.34668 0.456808 0.335938 0.449488 0.322266 0.468521 0.301758 0.481698 0.28125 0.450952 0.276367 0.434846 0.289062 0.421669 0.297852 0.418741 0.283203 0.42899 0.275391 0.446559 0.267578 0.450952 0.276367
4 0.647145 0.515625 0.645681 0.52832 0.647145 0.529297 0.641288 0.533203 0.636896 0.537109 0.639824 0.541992 0.65593 0.543945 0.676428 0.543945 0.682284 0.543945 0.686676 0.564453 0.682284 0.584961 0.670571 0.613281 0.658858 0.646484 0.653001 0.676758 0.650073 0.6875 0.651537 0.691406 0.650073 0.696289 0.651537 0.708008 0.65593 0.712891 0.658858 0.741211 0.654466 0.779297 0.650073 0.811523 0.650073 0.816406 0.645681 0.819336 0.645681 0.821289 0.647145 0.825195 0.644217 0.834961 0.63836 0.841797 0.626647 0.848633 0.620791 0.852539 0.598829 0.854492 0.578331 0.850586 0.575403 0.84375 0.576867 0.828125 0.578331 0.817383 0.573939 0.814453 0.572474 0.771484 0.572474 0.732422 0.572474 0.722656 0.568082 0.71582 0.565154 0.707031 0.562225 0.698242 0.559297 0.619141 0.550512 0.587891 0.547584 0.578125 0.54612 0.581055 0.540264 0.615234 0.535871 0.651367 0.537335 0.692383 0.532943 0.729492 0.528551 0.740234 0.528551 0.773438 0.531479 0.8125 0.532943 0.851562 0.537335 0.858398 0.544656 0.870117 0.549048 0.880859 0.550512 0.890625 0.534407 0.898438 0.524158 0.899414 0.491947 0.900391 0.483163 0.901367 0.477306 0.895508 0.469985 0.881836 0.467057 0.870117 0.468521 0.868164 0.459736 0.849609 0.448023 0.818359 0.445095 0.770508 0.445095 0.731445 0.445095 0.699219 0.446559 0.663086 0.439239 0.636719 0.430454 0.59668 0.421669 0.567383 0.424597 0.519531 0.426061 0.511719 0.433382 0.506836 0.448023 0.49707 0.456808 0.504883 0.456808 0.504883 0.512445 0.507812 0.576867 0.508789 0.647145 0.515625 0.660322 0.515625 0.660322 0.523438 0.664714 0.519531 0.666179 0.515625 0.660322 0.515625
12 0.584187 0.853516 0.585652 0.863281 0.587116 0.876953 0.584187 0.889648 0.587116 0.895508 0.592972 0.898438 0.604685 0.898438 0.620791 0.897461 0.63104 0.893555 0.633968 0.888672 0.63104 0.868164 0.625183 0.849609 0.628111 0.847656 0.632504 0.859375 0.639824 0.884766 0.642753 0.900391 0.63836 0.918945 0.632504 0.928711 0.625183 0.930664 0.600293 0.931641 0.587116 0.925781 0.581259 0.912109 0.579795 0.905273 0.579795 0.887695 0.579795 0.873047 0.578331 0.853516 0.578331 0.850586 0.584187 0.851562
12 0.534407 0.898438 0.550512 0.890625 0.550512 0.890625 0.553441 0.897461 0.553441 0.905273 0.54612 0.915039 0.538799 0.956055 0.537335 0.975586 0.52123 0.976562 0.484627 0.977539 0.475842 0.972656 0.469985 0.952148 0.472914 0.946289 0.477306 0.938477 0.483163 0.921875 0.489019 0.900391 0.491947 0.900391 0.493411 0.900391 0.490483 0.907227 0.487555 0.918945 0.483163 0.935547 0.484627 0.939453 0.497804 0.94043 0.519766 0.94043 0.528551 0.941406 0.532943 0.928711 0.535871 0.912109 0.537335 0.90332 0.535871 0.900391
11 0.449488 0.243164 0.452416 0.237305 0.456808 0.240234 0.455344 0.243164
11 0.590044 0.145508 0.587116 0.138672 0.594436 0.137695 0.5959 0.146484
11 0.617862 0.165039 0.617862 0.162109 0.622255 0.161133 0.623719 0.166016
11 0.626647 0.193359 0.632504 0.193359 0.633968 0.196289 0.629575 0.199219
11 0.628111 0.248047 0.628111 0.246094 0.63104 0.246094 0.63104 0.249023
11 0.494876 0.150391 0.494876 0.146484 0.500732 0.146484 0.499268 0.150391
