6 0.363104 0.350586 0.383602 0.352539 0.409956 0.351562 0.439239 0.351562 0.47877 0.349609 0.500732 0.349609 0.518302 0.349609 0.532943 0.349609 0.54612 0.347656 0.547584 0.357422 0.560761 0.365234 0.57101 0.379883 0.584187 0.404297 0.58858 0.419922 0.591508 0.4375 0.591508 0.460938 0.5959 0.464844 0.5959 0.479492 0.58858 0.492188 0.575403 0.527344 0.556369 0.556641 0.534407 0.585938 0.531479 0.601562 0.530015 0.606445 0.537335 0.625977 0.518302 0.637695 0.50366 0.652344 0.493411 0.647461 0.474378 0.641602 0.449488 0.635742 0.43631 0.635742 0.427526 0.635742 0.423133 0.640625 0.414348 0.650391 0.409956 0.642578 0.407028 0.634766 0.4041 0.626953 0.395315 0.618164 0.387994 0.611328 0.387994 0.605469 0.382138 0.592773 0.370425 0.580078 0.367496 0.568359 0.363104 0.55957 0.348463 0.535156 0.339678 0.510742 0.335286 0.494141 0.332357 0.467773 0.329429 0.459961 0.335286 0.453125 0.330893 0.446289 0.330893 0.428711 0.330893 0.416016 0.33675 0.405273 0.339678 0.390625 0.354319 0.371094 0.363104 0.362305
1 0.559297 0.250977 0.543192 0.244141 0.538799 0.25 0.52123 0.250977 0.513909 0.259766 0.49634 0.267578 0.494876 0.256836 0.509517 0.248047 0.524158 0.238281 0.516837 0.228516 0.512445 0.21875 0.502196 0.217773 0.502196 0.227539 0.50366 0.237305 0.50366 0.248047 0.489019 0.249023 0.487555 0.237305 0.480234 0.217773 0.487555 0.209961 0.49634 0.202148 0.50366 0.18457 0.499268 0.173828 0.494876 0.167969 0.474378 0.170898 0.461201 0.169922 0.450952 0.167969 0.437775 0.167969 0.421669 0.164062 0.408492 0.164062 0.402635 0.176758 0.399707 0.188477 0.401171 0.195312 0.417277 0.201172 0.426061 0.212891 0.415813 0.219727 0.408492 0.229492 0.401171 0.236328 0.389458 0.242188 0.379209 0.243164 0.370425 0.25293 0.34407 0.276367 0.34407 0.276367 0.346999 0.285156 0.349927 0.302734 0.352855 0.318359 0.352855 0.324219 0.348463 0.333984 0.355783 0.334961 0.355783 0.330078 0.374817 0.329102 0.418741 0.329102 0.455344 0.330078 0.484627 0.331055 0.510981 0.332031 0.534407 0.333008 0.54612 0.334961 0.551977 0.335938 0.551977 0.332031 0.554905 0.327148 0.562225 0.318359 0.560761 0.298828 0.57101 0.288086 0.57101 0.261719 0.559297 0.250977 0.591508 0.236328 0.601757 0.228516 0.610542 0.223633 0.617862 0.219727 0.622255 0.213867 0.629575 0.210938 0.635432 0.207031 0.636896 0.203125 0.628111 0.199219 0.616398 0.194336 0.607613 0.188477 0.597365 0.185547 0.358712 0.163086 0.345534 0.166992 0.329429 0.169922 0.310395 0.174805 0.303075 0.177734 0.301611 0.182617 0.289898 0.18457 0.285505 0.19043 0.286969 0.196289 0.29429 0.199219 0.295754 0.207031 0.298682 0.217773 0.304539 0.219727 0.308931 0.227539 0.317716 0.235352 0.329429 0.222656 0.34407 0.197266 0.34407 0.183594 0.354319 0.172852 0.358712 0.163086 0.597365 0.185547 0.604685 0.19043 0.600293 0.193359 0.597365 0.200195 0.600293 0.203125 0.600293 0.208984 0.597365 0.21582 0.594436 0.22168 0.591508 0.227539 0.591508 0.236328
12 0.418741 0.891602 0.418741 0.917969 0.414348 0.926758 0.408492 0.933594 0.398243 0.935547 0.382138 0.936523 0.364568 0.935547 0.357247 0.932617 0.354319 0.926758 0.363104 0.910156 0.36896 0.894531 0.373353 0.885742 0.374817 0.881836 0.371889 0.881836 0.36896 0.887695 0.364568 0.900391 0.357247 0.916992 0.351391 0.929688 0.346999 0.935547 0.348463 0.945312 0.351391 0.959961 0.351391 0.96875 0.364568 0.972656 0.379209 0.973633 0.395315 0.973633 0.41142 0.970703 0.414348 0.962891 0.417277 0.952148 0.418741 0.942383 0.418741 0.928711 0.421669 0.917969 0.424597 0.893555
12 0.499268 0.871094 0.499268 0.893555 0.502196 0.900391 0.512445 0.904297 0.52123 0.905273 0.540264 0.902344 0.553441 0.899414 0.551977 0.891602 0.54612 0.875 0.544656 0.868164 0.543192 0.848633 0.538799 0.835938 0.531479 0.827148 0.538799 0.830078 0.54612 0.837891 0.550512 0.84082 0.553441 0.844727 0.551977 0.862305 0.551977 0.879883 0.553441 0.885742 0.556369 0.896484 0.559297 0.90625 0.556369 0.916016 0.554905 0.927734 0.553441 0.93457 0.540264 0.938477 0.52123 0.938477 0.508053 0.936523 0.502196 0.93457 0.49634 0.925781 0.493411 0.90625 0.494876 0.890625 0.49634 0.876953
11 0.376281 0.191406 0.373353 0.188477 0.376281 0.186523 0.382138 0.186523 0.380673 0.191406
11 0.393851 0.163086 0.395315 0.15918 0.401171 0.160156 0.399707 0.164062
11 0.399707 0.107422 0.405564 0.107422 0.4041 0.101562 0.399707 0.103516
11 0.518302 0.0673828 0.518302 0.0644531 0.522694 0.0644531 0.524158 0.0693359
11 0.510981 0.0927734 0.515373 0.0917969 0.513909 0.0869141 0.509517 0.0869141
11 0.497804 0.160156 0.505124 0.15918 0.505124 0.154297 0.499268 0.154297
11 0.506589 0.206055 0.513909 0.205078 0.513909 0.200195 0.506589 0.201172
11 0.519766 0.208984 0.524158 0.208984 0.522694 0.205078 0.518302 0.206055
